0.258709
0.643056
0.246633;Vector3D(-0.35, 0.348, 0.31)
0.260695
0.635239
0.266603;Vector3D(-0.35, 0.398, 0.31)
0.267881
0.621564
0.288404;Vector3D(-0.35, 0.448, 0.31)
0.275176
0.608263
0.309149;Vector3D(-0.35, 0.498, 0.31)
0.247151
0.644674
 0.25667;Vector3D(-0.3, 0.348, 0.31)
0.252629
0.634141
0.274449;Vector3D(-0.3, 0.398, 0.31)
0.259109
0.621701
0.296023;Vector3D(-0.3, 0.448, 0.31)
0.261556
0.616477
0.309005;Vector3D(-0.3, 0.498, 0.31)
0.238432
0.648376
0.258261;Vector3D(-0.25, 0.348, 0.31)
0.244161
0.634305
 0.28164;Vector3D(-0.25, 0.398, 0.31)
0.247705
0.621845
0.305335;Vector3D(-0.25, 0.448, 0.31)
0.250434
0.612496
0.323572;Vector3D(-0.25, 0.498, 0.31)
 0.23038
0.648534
0.265082;Vector3D(-0.2, 0.348, 0.31)
0.233188
0.634469
0.290432;Vector3D(-0.2, 0.398, 0.31)
0.235839
0.621958
0.314368;Vector3D(-0.2, 0.448, 0.31)
 0.23793
0.611237
0.333252;Vector3D(-0.2, 0.498, 0.31)
0.218774
0.660544
0.256739;Vector3D(-0.15, 0.348, 0.31)
 0.22181
0.634586
0.298966;Vector3D(-0.15, 0.398, 0.31)
0.224296
0.639664
0.299672;Vector3D(-0.15, 0.448, 0.31)
0.226278
0.624848
0.324427;Vector3D(-0.15, 0.498, 0.31)
0.208657
0.660634
0.264801;Vector3D(-0.1, 0.348, 0.31)
0.210022
 0.63727
0.306134;Vector3D(-0.1, 0.398, 0.31)
0.212327
0.642853
0.302905;Vector3D(-0.1, 0.448, 0.31)
0.213327
0.630385
0.327416;Vector3D(-0.1, 0.498, 0.31)
0.198249
0.665542
0.266948;Vector3D(-0.05, 0.348, 0.31)
0.198101
0.653547
0.292261;Vector3D(-0.05, 0.398, 0.31)
0.197944
0.639762
0.317499;Vector3D(-0.05, 0.448, 0.31)
0.197801
0.627074
0.341957;Vector3D(-0.05, 0.498, 0.31)
0.187731
0.665498
0.274555;Vector3D(-1.38778e-17, 0.348, 0.31)
 0.18657
0.651371
0.300316;Vector3D(-1.38778e-17, 0.398, 0.31)
0.185484
0.640437
0.324855;Vector3D(-1.38778e-17, 0.448, 0.31)
0.184605
0.631119
0.344311;Vector3D(-1.38778e-17, 0.498, 0.31)
0.177469
0.650009
0.302284;Vector3D(0.05, 0.348, 0.31)
0.174794
0.651273
0.307526;Vector3D(0.05, 0.398, 0.31)
0.172768
0.641093
0.331798;Vector3D(0.05, 0.448, 0.31)
0.171138
0.631062
  0.3513;Vector3D(0.05, 0.498, 0.31)
0.167342
 0.64376
0.314401;Vector3D(0.1, 0.348, 0.31)
0.162803
0.651118
0.314362;Vector3D(0.1, 0.398, 0.31)
0.159809
0.638807
0.338905;Vector3D(0.1, 0.448, 0.31)
0.156871
0.626923
0.362824;Vector3D(0.1, 0.498, 0.31)
0.152679
0.643524
 0.32225;Vector3D(0.15, 0.348, 0.31)
0.150728
0.653044
0.320311;Vector3D(0.15, 0.398, 0.31)
0.146734
0.638641
0.345075;Vector3D(0.15, 0.448, 0.31)
0.140326
0.611149
0.384817;Vector3D(0.15, 0.498, 0.31)
0.142792
0.643322
0.327148;Vector3D(0.2, 0.348, 0.31)
0.136679
0.634073
0.347202;Vector3D(0.2, 0.398, 0.31)
0.132187
0.621685
0.370559;Vector3D(0.2, 0.448, 0.31)
0.128642
 0.61108
0.388988;Vector3D(0.2, 0.498, 0.31)
 0.13035
0.643023
0.332879;Vector3D(0.25, 0.348, 0.31)
0.127563
0.640189
0.345353;Vector3D(0.25, 0.398, 0.31)
0.118245
0.621508
0.375533;Vector3D(0.25, 0.448, 0.31)
0.111141
0.610956
0.394537;Vector3D(0.25, 0.498, 0.31)
 0.12036
0.642749
0.337145;Vector3D(0.3, 0.348, 0.31)
0.112957
0.646739
0.332037;Vector3D(0.3, 0.398, 0.31)
0.104343
0.621304
0.379965;Vector3D(0.3, 0.448, 0.31)
0.0995345
 0.610861
 0.397769;Vector3D(0.3, 0.498, 0.31)
0.107864
0.642364
0.342072;Vector3D(0.35, 0.348, 0.31)
 0.10176
0.639542
0.354983;Vector3D(0.35, 0.398, 0.31)
0.090533
0.621074
0.383861;Vector3D(0.35, 0.448, 0.31)
0.0822896
 0.610702
 0.401934;Vector3D(0.35, 0.498, 0.31)
